Name     Assignments                      Quizzes                          Labs                              MidT  Final

Alice    71 97 64 30 99 54  8 88 92 94    15 55 91 37 71  1  5 52 37 46     6 19 17 68  7 97 36 31 33 10     72    46 
Bob       2 69  0 43 98 30 66 25 34 42    33 44 84 75 52 22 64 79 58 55    78 73 53 75 39 57 45 94 32 51     16    63 
Carol    20 38 72 74 96 80 78 37 22 61    82 62 18 13  5 60 41 35 96 66    73 57 83 93 48 25 61 56 43 40     64    60 
Duane    51 15 62 74 66 48 72 91 37 63    90 19 86 99 34 58 37 85 83 42    95 91 15 30  4  8 79 54 73 85     83    97 
Edgar    65 86 84 84 75 58  0 64 41 25    21 51 71  1 67 97 59 23 23 72    40  7 41 65 25 49 32 87 19 10     91    79 
Fiona    45 94 59 72 83 18 30 76 37 85     6 51 89 35 11 36 63 14 83 99     1 54 73 19 38 58 20  8 47 87     58    18 
Gary     78 13 37 51 40 47 43 44 39 46    45 61 10 59 29 66  8 13 34 18    59 24  4 17 10  0  8 58 38  2     39    23 
Henry    79 31 89 49 11 27 29 12 20 29    20 68 83 33 49  3 49 90  1 68    74  7 31  4 72 27 18 50 88 71     54    67 
Irena    94 18  7 65  1 74 76 48 13 30    34 63 33 11 69 88  4  1 87 24    17 27 20 86 78  5 18  6 72 40     29    7 
Jack     15 18 21 59 50 90 65 65  2 87    34  2 89 42 81  5 38 68 47 62    59 30 63 78 36 71 57 41 97 14     15    52 
Kim      83 71  0 83 27 29 31 50 20 39     2 96 69 48 28 15 30 85  0 77    32 74  4 72 31 27 51 64 32 75     50    82 
Leon     81 17 16 79 31 57 64 96 70 85    88 81 59 74  7 54 68 39 69 25    65 69  6 33 94 42 88 38  7 25     88    16 
Matthew  32 55  7 44 44 54 64  4  2 89    43 80 97  7 28 87 83 80 73 78     7  0 17 95 28 42 17 14 42 40     68    44 
Nick     54  3 92 12 34 63 36 24 56 62     3 53 33 97 75 11 98 71 24 85    86 86 51 49 27 76 12 83  1 66     66    15 
Oscar    27 56 51 57  8 26 90 34  3 98    90  5 63 96 30 76 31 64 12 99    77 43 27 74 87 32 93 44 60 75     91    31 
Patty    15 19 98 20 10  7 58 60 62 61    36 33 15 75 36  9 50 74  8 38    82 78 20 34 48 44 29 89 29 65     81    43 
Quimby   24 58 22 97 74 85 96 63 34 47    72 92 79 21 91 14 72 53 17 74    76 43 96 27 32  6 20 69 79 47     22    8 
Ron      40 75 46 39 70 91  7 85 58 20    71 31 41 72 41 72 52 86 84 76    16 42 37 32 37 16  5 61 43 49     59    90 
Stanley  89 62 26 85 83 92 14 64 84  2    67 79 42 73 17 93 21 45 77 58    90 53 38 57 69 26 56 90 74 40     46    90 
Tina     57 65 36 14 81 29 10 32 24 65    48 45 67  4 87 16 73 59 92 11    29 57 71 71 58 78 27 93 40 94     78    64 
